dataset=avila.txt, depth=0, runtime=0.017
Accuracy: 0.410792
Misclassification score: 12295
Optimal tree:
NOT_FOUND
==================================================

dataset=avila.txt, depth=1, runtime=0.669
Accuracy: 0.484114
Misclassification score: 10765
Optimal tree:
[4,0.91782683,0,4]
==================================================

dataset=avila.txt, depth=2, runtime=0.298
Accuracy: 0.539129
Misclassification score: 9617
Optimal tree:
[0,0.21641450,[8,0.13838020,3,7],[4,0.91036570,0,4]]
==================================================

dataset=avila.txt, depth=3, runtime=63.223
Accuracy: 0.584799
Misclassification score: 8664
Optimal tree:
[0,0.21641450,[0,0.18056348,[3,0.68755186,0,7],[8,0.13838020,3,7]],[4,0.88798213,[1,0.00804203,0,1],[2,0.06779179,4,5]]]
==================================================


dataset=bank.txt, depth=0, runtime=0.000
Accuracy: 0.555394
Misclassification score: 610
Optimal tree:
NOT_FOUND
==================================================

dataset=bank.txt, depth=1, runtime=0.002
Accuracy: 0.853499
Misclassification score: 201
Optimal tree:
[0,0.53091741,1,0]
==================================================

dataset=bank.txt, depth=2, runtime=0.002
Accuracy: 0.927114
Misclassification score: 100
Optimal tree:
[1,0.71412611,[0,0.57426810,1,0],[0,0.26502693,1,0]]
==================================================

dataset=bank.txt, depth=3, runtime=0.084
Accuracy: 0.983236
Misclassification score: 23
Optimal tree:
[2,0.23659694,[1,0.70866966,[0,0.68247366,1,0],[0,0.26284590,1,0]],[1,0.54222888,[0,0.47447777,1,0],[0,0.30326140,1,0]]]
==================================================

dataset=bank.txt, depth=4, runtime=0.032
Accuracy: 1
Misclassification score: 0
Optimal tree:
[0,0.52437770,[2,0.43329573,[0,0.30698895,[2,0.35915542,1,0],[1,0.66570491,1,0]],[3,0.68274260,[0,0.41756007,1,0],[1,0.39951569,1,0]]],[1,0.58999419,[3,0.84232080,[2,0.23619100,1,0],[0,0.62420982,1,0]],[1,0.69798696,[2,0.12123588,1,0],[2,0.01282927,1,0]]]]
==================================================

dataset=bank.txt, depth=5, runtime=0.003
Accuracy: 1
Misclassification score: 0
Optimal tree:
[0,0.54523432,[0,0.37803245,[0,0.29772055,[0,0.15822196,1,[1,0.81267625,1,0]],[0,0.30659604,[0,0.30630040,1,0],[1,0.73622859,1,0]]],[1,0.50630879,[2,0.52638453,[3,0.68938172,0,1],[0,0.43423709,1,0]],[2,0.24853545,[1,0.72647357,1,0],[3,0.89592636,0,1]]]],[0,0.71362078,[0,0.57816118,[2,0.25990176,[1,0.73595732,1,0],[3,0.85666049,0,1]],[1,0.66253054,[2,0.16961613,1,0],[2,0.04901433,1,0]]],0]]
==================================================

dataset=bank.txt, depth=6, runtime=0.002
Accuracy: 1
Misclassification score: 0
Optimal tree:
[0,0.54523432,[0,0.37803245,[0,0.29772055,[0,0.22409229,[0,0.15822196,1,[1,0.81267625,1,0]],1],[0,0.34234667,[0,0.30659604,[0,0.30630040,1,0],[1,0.77834225,1,0]],[0,0.36083305,[1,0.78960478,1,0],[1,0.73483503,1,0]]]],[0,0.45749936,[0,0.41171384,[2,0.40618974,[1,0.75020158,1,0],[1,0.47530395,1,0]],[2,0.37321556,[1,0.74327308,1,0],[1,0.47201350,1,0]]],[0,0.52489746,[2,0.43646777,[1,0.66233599,1,0],[1,0.24627429,1,0]],[2,0.25909013,[1,0.73251176,1,0],[3,0.84361404,0,1]]]]],[0,0.71362078,[0,0.62304902,[0,0.57816118,[2,0.25990176,[1,0.73595732,1,0],[3,0.85666049,0,1]],[1,0.66136897,[2,0.19240436,1,0],[2,0.06966197,1,0]]],[0,0.66850436,[0,0.65224218,[2,0.06552944,1,0],[2,0.12536842,1,0]],[0,0.69235849,[2,0.04434557,1,0],0]]],0]]
==================================================

dataset=bank.txt, depth=7, runtime=0.001
Accuracy: 1
Misclassification score: 0
Optimal tree:
[0,0.54523432,[0,0.37803245,[0,0.29772055,[0,0.22409229,[0,0.15822196,1,[0,0.20033181,[0,0.19872038,1,0],1]],1],[0,0.34234667,[0,0.32293385,[0,0.30659604,[0,0.30630040,1,0],[1,0.77834225,1,0]],[0,0.33222026,[1,0.79126966,1,0],[1,0.80083001,1,0]]],[0,0.36083305,[0,0.35069942,[1,0.79428869,1,0],[1,0.78960478,1,0]],[0,0.37051967,[1,0.79723108,1,0],[1,0.72848630,1,0]]]]],[0,0.45749936,[0,0.41171384,[0,0.39384753,[1,0.38565862,1,[2,0.32839498,1,0]],[2,0.33677205,[1,0.74807292,1,0],[1,0.48184526,1,0]]],[0,0.43862039,[1,0.62417114,[2,0.50618052,1,0],[1,0.75357044,1,0]],[0,0.44184941,[3,0.65546501,0,1],[1,0.74327308,1,0]]]],[0,0.50386697,[0,0.48133013,[1,0.52105623,[2,0.52498257,1,0],[1,0.68730235,1,0]],[1,0.61910009,[2,0.37941542,1,0],[1,0.66233599,1,0]]],[0,0.52489746,[1,0.59889621,[2,0.43969586,1,0],[1,0.70015305,1,0]],[2,0.25909013,[1,0.73251176,1,0],[3,0.84361404,0,1]]]]]],[0,0.71362078,[0,0.62304902,[0,0.57816118,[0,0.56167841,[1,0.52542996,[3,0.76232469,0,1],[2,0.14369245,1,0]],[1,0.72930002,[2,0.22832884,1,0],0]],[0,0.60141551,[0,0.59040225,[2,0.13503757,1,0],[2,0.11129106,1,0]],[1,0.64116514,[2,0.19240436,1,0],[2,0.08093549,1,0]]]],[0,0.66850436,[0,0.64693570,[0,0.63579261,[2,0.11413151,1,0],[2,0.06680214,1,0]],[0,0.65224218,0,[2,0.12536842,1,0]]],[0,0.69235849,[0,0.68094516,[2,0.04434557,1,0],0],0]]],0]]
==================================================

dataset=bank.txt, depth=8, runtime=0.002
Accuracy: 1
Misclassification score: 0
Optimal tree:
[0,0.54523432,[0,0.37803245,[0,0.29772055,[0,0.22409229,[0,0.15822196,1,[0,0.20033181,[0,0.18390028,1,[0,0.19872038,1,0]],1]],1],[0,0.34234667,[0,0.32293385,[0,0.31234959,[0,0.30659604,[0,0.30630040,1,0],[1,0.80203092,1,0]],[0,0.31862226,[1,0.73553270,1,0],1]],[0,0.33222026,[0,0.32875589,[1,0.79018652,1,0],[1,0.81890702,1,0]],[0,0.33858669,[1,0.82118911,1,0],[1,0.79939902,1,0]]]],[0,0.36083305,[0,0.35069942,[0,0.34550828,[1,0.79274178,1,0],[1,0.80233955,1,0]],[0,0.35634845,1,[1,0.78960478,1,0]]],[0,0.37051967,[0,0.36482018,[1,0.80532122,1,0],[1,0.78569531,1,0]],[0,0.37516290,[1,0.72848630,1,0],[1,0.77323186,1,0]]]]]],[0,0.45749936,[0,0.41171384,[0,0.39384753,[0,0.38480625,[1,0.60435259,[1,0.52984262,1,0],[1,0.80257154,1,0]],[1,0.45068657,1,[2,0.44656122,1,0]]],[0,0.40374684,[1,0.48730356,1,[2,0.25512233,1,0]],[0,0.40733743,[1,0.79545033,1,0],[1,0.54784244,1,0]]]],[0,0.43862039,[0,0.42598599,[1,0.62927961,[2,0.48036450,1,0],[1,0.75422704,1,0]],[0,0.42672503,[0,0.42629242,0,1],[1,0.75357044,1,0]]],[0,0.44879368,[0,0.44184941,[3,0.65546501,0,1],1],[0,0.45228726,[1,0.75794381,1,0],[1,0.74327308,1,0]]]]],[0,0.50386697,[0,0.48133013,[0,0.46972281,[0,0.46331745,[3,0.60732824,0,1],[1,0.71253985,1,0]],[1,0.53158450,[2,0.48318988,1,0],[0,0.47877023,1,0]]],[0,0.49090245,[1,0.62641579,[2,0.37941542,1,0],[1,0.65347338,1,0]],[1,0.56069237,[2,0.42458487,1,0],[1,0.69566184,1,0]]]],[0,0.52489746,[0,0.51419461,[0,0.50671589,[2,0.22864433,1,0],[1,0.69690204,1,0]],[0,0.52268362,[1,0.70262969,1,0],[0,0.52316022,0,1]]],[0,0.53194737,[0,0.53091741,[1,0.74249864,1,0],[0,0.53178370,0,1]],[1,0.53653884,[2,0.40371603,1,0],[2,0.17875123,1,0]]]]]]],[0,0.71362078,[0,0.62304902,[0,0.57816118,[0,0.56167841,[0,0.55245328,[1,0.53293991,[3,0.77196383,0,1],[2,0.14369245,1,0]],[1,0.65215647,[2,0.30986851,1,0],[2,0.10975993,1,0]]],[0,0.57124567,[0,0.56613028,[1,0.60446858,1,0],[2,0.12828425,1,0]],[0,0.57476854,[2,0.10175110,1,0],[2,0.08532861,1,0]]]],[0,0.60141551,[0,0.59040225,[0,0.58336532,[2,0.13503757,1,0],[2,0.14073786,1,0]],[0,0.59513921,[2,0.08475578,1,0],[2,0.11129106,1,0]]],[0,0.61268473,[1,0.62366796,[2,0.23061800,1,0],[2,0.09235759,1,0]],[0,0.61935031,[2,0.10187817,1,0],[2,0.15018521,1,0]]]]],[0,0.66850436,[0,0.64693570,[0,0.63579261,[0,0.62981558,[2,0.10278478,1,0],[2,0.18631428,1,0]],[0,0.64034212,[2,0.08971956,1,0],0]],[0,0.65835631,[0,0.65224218,0,[2,0.17223671,1,0]],[0,0.66281205,0,[2,0.09571704,1,0]]]],[0,0.69235849,[0,0.68094516,[0,0.67364144,0,[2,0.04434557,1,0]],0],0]]],0]]
==================================================

dataset=bank.txt, depth=9, runtime=0.002
Accuracy: 1
Misclassification score: 0
Optimal tree:
[0,0.54523432,[0,0.37803245,[0,0.29772055,[0,0.22409229,[0,0.15822196,1,[0,0.20033181,[0,0.18390028,1,[0,0.19116074,1,[0,0.19872038,1,0]]],1]],1],[0,0.34234667,[0,0.32293385,[0,0.31234959,[0,0.30502784,1,[0,0.30835527,[2,0.50187999,1,0],[1,0.80203092,1,0]]],[0,0.31862226,[0,0.31556523,[1,0.77408481,1,0],[1,0.70835954,1,0]],1]],[0,0.33222026,[0,0.32875589,[0,0.32499227,1,[1,0.79018652,1,0]],[0,0.33059442,[0,0.33037812,1,0],[1,0.81890702,1,0]]],[0,0.33858669,[0,0.33522323,[0,0.33449501,1,0],1],[0,0.34013325,[0,0.33962494,0,1],[0,0.34033510,0,1]]]]],[0,0.36083305,[0,0.35069942,[0,0.34550828,[0,0.34452051,1,[1,0.72922266,1,0]],[0,0.34778303,[1,0.81189990,1,0],[1,0.80233955,1,0]]],[0,0.35634845,1,[0,0.35852948,[1,0.74168491,1,0],1]]],[0,0.37051967,[0,0.36482018,[0,0.36331689,1,[1,0.75205994,1,0]],[0,0.36720669,[1,0.79661000,1,0],[1,0.75465351,1,0]]],[0,0.37516290,[0,0.37395161,[0,0.37368125,1,0],[0,0.37498984,1,0]],[0,0.37602806,[1,0.60388875,1,0],[0,0.37778011,1,0]]]]]]],[0,0.45749936,[0,0.41171384,[0,0.39384753,[0,0.38480625,[0,0.38126975,[0,0.38018101,[1,0.41259837,1,0],[1,0.80257154,1,0]],[0,0.38309747,[1,0.55159527,1,0],1]],[0,0.38786685,[0,0.38614368,[2,0.54260248,1,0],1],[0,0.39125556,1,[0,0.39178550,0,1]]]],[0,0.40374684,[0,0.39809060,[0,0.39600331,[0,0.39427653,0,1],[0,0.39806175,1,0]],[0,0.40075108,[1,0.47518796,1,0],[1,0.72608829,1,0]]],[0,0.40701658,[0,0.40527177,[1,0.79916525,1,0],[0,0.40548444,0,1]],[0,0.40763661,[3,0.81187391,1,0],[1,0.54784244,1,0]]]]],[0,0.43862039,[0,0.42598599,[0,0.41733044,[0,0.41540897,[1,0.75422704,1,0],[2,0.47717303,1,0]],[0,0.42322099,[1,0.73893714,1,0],[0,0.42432773,1,0]]],[0,0.43105102,[0,0.42672503,[0,0.42629242,0,1],[0,0.42715043,0,1]],[0,0.43514988,[1,0.74726105,1,0],[1,0.74369955,1,0]]]],[0,0.44879368,[0,0.44332203,[0,0.44184941,[3,0.65546501,0,1],1],1],[0,0.45228726,[0,0.45149344,[0,0.45009291,1,0],1],[0,0.45594490,1,[1,0.73386788,1,0]]]]]],[0,0.50386697,[0,0.48133013,[0,0.46972281,[0,0.46331745,[0,0.46088266,[1,0.66717571,1,0],[0,0.46140212,0,1]],[0,0.46726853,1,[1,0.71253985,1,0]]],[0,0.47610903,[0,0.47231656,1,[0,0.47477120,1,0]],[0,0.47978538,[1,0.68513435,1,0],[0,0.48071438,0,1]]]],[0,0.49090245,[0,0.48643154,[0,0.48226887,[1,0.64929265,1,0],[1,0.49597418,0,1]],[1,0.63230056,[2,0.37941542,1,0],[1,0.72964793,1,0]]],[0,0.49852049,[0,0.49416497,[1,0.72624165,1,0],[0,0.49556550,1,0]],[0,0.49936229,[0,0.49870795,1,0],[2,0.24436457,1,0]]]]],[0,0.52489746,[0,0.51419461,[0,0.50823665,[0,0.50671589,[2,0.22864433,1,0],[1,0.70096576,1,0]],[0,0.51038301,[1,0.73847324,1,0],[0,0.51196146,0,1]]],[0,0.51929063,[0,0.51646113,[1,0.70262969,1,0],[1,0.66818094,1,0]],[0,0.52268362,[1,0.67298138,1,0],[0,0.52316022,0,1]]]],[0,0.53194737,[0,0.52758247,[0,0.52621114,[0,0.52558064,1,0],1],[0,0.53091741,[1,0.74017727,1,0],[0,0.53178370,0,1]]],[0,0.53791511,[0,0.53531623,[1,0.53096515,1,0],[1,0.66404009,1,0]],[0,0.54250097,[2,0.24844241,1,0],[1,0.68548226,1,0]]]]]]]],[0,0.71362078,[0,0.62304902,[0,0.57816118,[0,0.56167841,[0,0.55245328,[0,0.54863667,[0,0.54679847,[1,0.60156679,0,1],[0,0.54751551,0,1]],[0,0.55030686,0,[0,0.55066264,0,1]]],[0,0.55685174,[0,0.55465269,[2,0.14749335,1,0],[0,0.55561996,0,1]],[0,0.56132233,[2,0.23667146,1,0],[0,0.56145239,0,1]]]],[0,0.57124567,[0,0.56613028,[0,0.56309342,[1,0.60787487,1,0],0],[0,0.56916165,[1,0.74694872,1,0],0]],[0,0.57476854,[0,0.57239103,[0,0.57195342,0,1],[1,0.72387910,1,0]],[0,0.57645744,0,[2,0.09226499,1,0]]]]],[0,0.60141551,[0,0.59040225,[0,0.58336532,[0,0.58127809,[1,0.72500336,1,0],[2,0.13503757,1,0]],[0,0.58727670,[2,0.14073786,1,0],0]],[0,0.59513921,[0,0.59168565,0,[1,0.74842083,1,0]],[0,0.59647310,[2,0.11129106,1,0],[2,0.09080923,1,0]]]],[0,0.61268473,[0,0.60469961,[0,0.60306656,[0,0.60263395,0,1],[2,0.13160491,1,0]],[1,0.59529722,[1,0.43044326,0,1],[2,0.09235759,1,0]]],[0,0.61935031,[0,0.61661774,[0,0.61519015,0,1],0],[0,0.62100136,[1,0.70518672,1,0],[2,0.18419266,1,0]]]]]],[0,0.66850436,[0,0.64693570,[0,0.63579261,[0,0.62981558,[0,0.62619984,[0,0.62612772,0,1],[2,0.10278478,1,0]],[0,0.63344944,[1,0.64375770,0,1],[0,0.63356477,1,0]]],[0,0.64034212,[0,0.63876319,[2,0.08971956,1,0],0],0]],[0,0.65835631,[0,0.65224218,0,[0,0.65336698,[0,0.65326607,0,1],[2,0.17332487,1,0]]],[0,0.66281205,0,[0,0.66581857,0,[2,0.09571704,1,0]]]]],[0,0.69235849,[0,0.68094516,[0,0.67364144,0,[0,0.67887950,0,[2,0.04805603,1,0]]],0],0]]],0]]
==================================================

dataset=bank.txt, depth=10, runtime=0.015
Accuracy: 1
Misclassification score: 0
Optimal tree:
[0,0.54523432,[0,0.37803245,[0,0.29772055,[0,0.22409229,[0,0.15822196,1,[0,0.20033181,[0,0.18390028,1,[0,0.19116074,1,[0,0.19564533,1,[0,0.19872038,1,0]]]],1]],1],[0,0.34234667,[0,0.32293385,[0,0.31234959,[0,0.30502784,1,[0,0.30835527,[0,0.30659604,[0,0.30630040,1,0],1],[0,0.31043535,[0,0.30945119,1,0],[0,0.31169707,1,0]]]],[0,0.31862226,[0,0.31556523,[0,0.31310302,1,[0,0.31369424,0,1]],[0,0.31652057,1,[0,0.31718388,0,1]]],1]],[0,0.33222026,[0,0.32875589,[0,0.32499227,1,[0,0.32745087,1,[1,0.79018652,1,0]]],[0,0.33059442,[0,0.32921010,1,[0,0.33037812,1,0]],[0,0.33109191,1,[0,0.33143800,0,1]]]],[0,0.33858669,[0,0.33522323,[0,0.33366588,1,[0,0.33449501,1,0]],1],[0,0.34013325,[0,0.33922476,0,[0,0.33962494,0,1]],[0,0.34071362,[0,0.34033510,0,1],1]]]]],[0,0.36083305,[0,0.35069942,[0,0.34550828,[0,0.34452051,1,[0,0.34474403,[0,0.34471518,1,0],[0,0.34522349,1,0]]],[0,0.34778303,[0,0.34625089,1,[1,0.74547881,1,0]],[0,0.34836340,[0,0.34803897,1,0],1]]],[0,0.35634845,1,[0,0.35852948,[0,0.35718840,[0,0.35693246,1,0],[1,0.74168491,1,0]],1]]],[0,0.37051967,[0,0.36482018,[0,0.36331689,1,[0,0.36381799,1,[1,0.75205994,1,0]]],[0,0.36720669,[0,0.36582598,1,[0,0.36643881,0,1]],[0,0.36796734,[0,0.36766812,0,1],[1,0.76340210,1,0]]]],[0,0.37516290,[0,0.37395161,[0,0.37174177,1,[0,0.37368125,1,0]],[0,0.37469786,1,[0,0.37498984,1,0]]],[0,0.37602806,[0,0.37537557,1,[1,0.59846973,1,0]],[0,0.37710598,1,[0,0.37778011,1,0]]]]]]]],[0,0.45749936,[0,0.41171384,[0,0.39384753,[0,0.38480625,[0,0.38126975,[0,0.38018101,[0,0.37896976,1,[1,0.37954378,1,0]],[0,0.38098133,[0,0.38059199,1,0],[0,0.38115078,1,0]]],[0,0.38309747,[0,0.38177085,1,[1,0.44418263,1,0]],1]],[0,0.38786685,[0,0.38614368,[0,0.38525325,1,[2,0.54260248,1,0]],1],[0,0.39125556,1,[0,0.39264709,[0,0.39178550,0,1],1]]]],[0,0.40374684,[0,0.39809060,[0,0.39600331,[0,0.39459017,[0,0.39427653,0,1],1],[0,0.39761478,1,[0,0.39806175,1,0]]],[0,0.40075108,[0,0.39913246,1,[0,0.39983183,0,1]],[0,0.40256801,1,[0,0.40319526,0,1]]]],[0,0.40701658,[0,0.40527177,[0,0.40418303,1,[1,0.71908081,1,0]],[0,0.40588456,[0,0.40548444,0,1],1]],[0,0.40763661,[0,0.40720403,1,[2,0.43975401,1,0]],[0,0.40951842,[1,0.75267935,1,0],[1,0.50855404,1,0]]]]]],[0,0.43862039,[0,0.42598599,[0,0.41733044,[0,0.41540897,[0,0.41386604,[0,0.41287827,0,1],[0,0.41430944,0,1]],[0,0.41607589,1,[2,0.44052711,1,0]]],[0,0.41910410,[0,0.41788200,0,1],[0,0.42322099,[0,0.42252883,1,0],[0,0.42432773,1,0]]]],[0,0.43105102,[0,0.42842656,[0,0.42672503,[0,0.42629242,0,1],[0,0.42715043,0,1]],1],[0,0.43514988,[0,0.43323565,[0,0.43228751,1,0],1],[0,0.43734965,1,[1,0.74184209,1,0]]]]],[0,0.44879368,[0,0.44332203,[0,0.44184941,[0,0.43946218,[2,0.46909314,1,0],[0,0.44103143,1,0]],1],1],[0,0.45228726,[0,0.45149344,[0,0.45009291,1,0],1],[0,0.45594490,1,[0,0.45684940,1,[0,0.45703721,0,1]]]]]]],[0,0.50386697,[0,0.48133013,[0,0.46972281,[0,0.46331745,[0,0.46088266,[0,0.45785049,[0,0.45761001,1,0],1],[0,0.46182534,[0,0.46140212,0,1],1]],[0,0.46726853,1,[0,0.46854866,1,[0,0.46894807,0,1]]]],[0,0.47610903,[0,0.47231656,1,[0,0.47302893,1,[0,0.47477120,1,0]]],[0,0.47839496,1,[0,0.47978538,[1,0.63733125,1,0],[0,0.48071438,0,1]]]]],[0,0.49090245,[0,0.48643154,[0,0.48226887,[0,0.48164305,1,[0,0.48185503,0,1]],[0,0.48312542,1,[0,0.48470366,0,1]]],[0,0.48805380,[0,0.48738939,[0,0.48685044,0,1],[0,0.48771167,1,0]],[0,0.48996878,[0,0.48928058,1,0],[0,0.49065697,1,0]]]],[0,0.49852049,[0,0.49416497,[0,0.49213427,1,[1,0.65285289,1,0]],[0,0.49578685,[0,0.49556550,1,0],0]],[0,0.49936229,[0,0.49888605,[0,0.49870795,1,0],0],[0,0.50082076,[1,0.51230842,0,1],[0,0.50301993,1,0]]]]]],[0,0.52489746,[0,0.51419461,[0,0.50823665,[0,0.50671589,[0,0.50561869,[0,0.50480056,0,1],[0,0.50607109,1,0]],[0,0.50753886,[0,0.50704801,1,0],1]],[0,0.51038301,[0,0.50880450,[0,0.50843877,0,1],[0,0.50935793,0,1]],[0,0.51148021,0,[0,0.51196146,0,1]]]],[0,0.51929063,[0,0.51646113,[0,0.51622534,1,[1,0.70262969,1,0]],[0,0.51744270,[0,0.51664853,1,0],[1,0.66620696,1,0]]],[0,0.52200019,[0,0.52074885,[0,0.51998389,1,0],[1,0.65022194,1,0]],[0,0.52316022,[0,0.52268362,1,0],1]]]],[0,0.53194737,[0,0.52758247,[0,0.52621114,[0,0.52537370,1,[0,0.52558064,1,0]],1],[0,0.53091741,[0,0.52927649,[0,0.52837157,0,1],[0,0.52947867,0,1]],[0,0.53157032,0,[0,0.53178370,0,1]]]],[0,0.53791511,[0,0.53531623,[0,0.53378129,[0,0.53231335,0,1],[0,0.53509343,1,0]],[0,0.53576869,0,[1,0.66942167,1,0]]],[0,0.54250097,[0,0.53938270,[0,0.53891581,1,0],[0,0.54181755,0,1]],[0,0.54384387,[0,0.54329515,1,0],1]]]]]]]],[0,0.71362078,[0,0.62304902,[0,0.57816118,[0,0.56167841,[0,0.55245328,[0,0.54863667,[0,0.54679847,[0,0.54544234,0,[1,0.60156679,0,1]],[0,0.54751551,0,1]],[0,0.55030686,0,[0,0.55104768,[0,0.55066264,0,1],1]]],[0,0.55685174,[0,0.55465269,[0,0.55393064,1,[0,0.55421937,0,1]],[0,0.55549479,0,[0,0.55561996,0,1]]],[0,0.56047082,[0,0.55782402,[0,0.55695772,0,1],[0,0.55868560,1,0]],[0,0.56132233,[1,0.55457622,0,1],[0,0.56145239,0,1]]]]],[0,0.57124567,[0,0.56613028,[0,0.56309342,[0,0.56221271,[0,0.56189007,0,1],[1,0.57749069,1,0]],0],[0,0.56916165,[0,0.56727087,[0,0.56657296,0,1],[0,0.56800699,0,1]],0]],[0,0.57476854,[0,0.57239103,[0,0.57175583,0,[0,0.57195342,0,1]],[0,0.57272810,0,[0,0.57417190,1,0]]],[0,0.57645744,0,[0,0.57741535,0,[1,0.72175044,1,0]]]]]],[0,0.60141551,[0,0.59040225,[0,0.58336532,[0,0.58127809,[0,0.58038759,[0,0.57935154,1,0],[0,0.58084184,1,0]],[0,0.58147991,[0,0.58132136,0,1],0]],[0,0.58727670,[0,0.58441794,[0,0.58411157,1,0],[0,0.58458018,1,0]],0]],[0,0.59513921,[0,0.59168565,0,[0,0.59190190,1,[0,0.59396040,0,1]]],[0,0.59647310,[0,0.59595752,[0,0.59556460,0,1],[0,0.59630364,0,1]],[0,0.59911913,[0,0.59863603,1,0],[0,0.60050344,0,1]]]]],[0,0.61268473,[0,0.60469961,[0,0.60306656,[0,0.60205358,0,[0,0.60263395,0,1]],[0,0.60377318,0,[2,0.13653144,1,0]]],[0,0.60658145,[0,0.60545671,1,0],[0,0.61186278,[0,0.61113095,0,1],[2,0.09235759,1,0]]]],[0,0.61935031,[0,0.61661774,[0,0.61486566,0,[0,0.61519015,0,1]],0],[0,0.62100136,[0,0.62011099,[0,0.61955941,0,1],[0,0.62068415,1,0]],[0,0.62215495,[0,0.62178367,0,1],[1,0.59967065,1,0]]]]]]],[0,0.66850436,[0,0.64693570,[0,0.63579261,[0,0.62981558,[0,0.62619984,[0,0.62456673,0,[0,0.62612772,0,1]],[0,0.62651706,0,[2,0.10278478,1,0]]],[0,0.63344944,[0,0.63247246,0,[1,0.58283281,0,1]],[0,0.63382077,[0,0.63356477,1,0],0]]],[0,0.64034212,[0,0.63876319,[0,0.63651007,0,[0,0.63694263,1,0]],0],0]],[0,0.65835631,[0,0.65224218,0,[0,0.65336698,[0,0.65308583,0,[0,0.65326607,0,1]],[0,0.65523076,[1,0.57327151,0,1],0]]],[0,0.66281205,0,[0,0.66581857,0,[0,0.66690373,[0,0.66606009,1,0],[0,0.66790229,0,1]]]]]],[0,0.69235849,[0,0.68094516,[0,0.67364144,0,[0,0.67887950,0,[0,0.68042964,[1,0.78387535,1,0],0]]],0],0]]],0]]
==================================================

dataset=bean.txt, depth=0, runtime=0.022
Accuracy: 0.260525
Misclassification score: 10065
Optimal tree:
NOT_FOUND
==================================================

dataset=bean.txt, depth=1, runtime=1.780
Accuracy: 0.41731
Misclassification score: 7931
Optimal tree:
[1,0.15113193,6,5]
==================================================

dataset=bean.txt, depth=2, runtime=0.503
Accuracy: 0.66145
Misclassification score: 4608
Optimal tree:
[2,0.17494383,[12,0.52589989,0,6],[11,0.29086977,4,5]]
==================================================

dataset=bean.txt, depth=3, runtime=108.890
Accuracy: 0.871574
Misclassification score: 1748
Optimal tree:
[12,0.43143722,[13,0.22221223,[3,0.55615884,3,2],[1,0.24278200,0,1]],[2,0.17030884,[12,0.52671266,0,6],[11,0.28985077,4,5]]]
==================================================

dataset=bidding.txt, depth=0, runtime=0.004
Accuracy: 0.893213
Misclassification score: 675
Optimal tree:
NOT_FOUND
==================================================

dataset=bidding.txt, depth=1, runtime=0.623
Accuracy: 0.972789
Misclassification score: 172
Optimal tree:
[2,0.25005001,0,1]
==================================================

dataset=bidding.txt, depth=2, runtime=0.198
Accuracy: 0.982123
Misclassification score: 113
Optimal tree:
[7,0.45001000,[1,0.60786533,0,1],[2,0.25005001,0,1]]
==================================================

dataset=bidding.txt, depth=3, runtime=6.795
Accuracy: 0.99209
Misclassification score: 50
Optimal tree:
[8,0.55554444,[8,0.11118889,[2,0.25005001,0,1],[2,0.74994999,0,1]],[1,0.08650230,0,[2,0.25005001,0,1]]]
==================================================

dataset=bidding.txt, depth=4, runtime=33.281
Accuracy: 0.99652
Misclassification score: 22
Optimal tree:
[8,0.55554444,[8,0.33336666,[8,0.11118889,[2,0.25005001,0,1],[2,0.74994999,0,1]],[3,0.78605920,[2,0.74994999,0,1],[2,0.25005001,0,1]]],[1,0.09737979,[1,0.08813408,0,[2,0.25005001,0,1]],[8,0.83326662,[2,0.25005001,0,1],[0,0.93412364,0,1]]]]
==================================================

dataset=bidding.txt, depth=5, runtime=179.681
Accuracy: 0.999684
Misclassification score: 2
Optimal tree:
[7,0.62016827,[0,0.64580417,[1,0.25016779,[4,0.29652026,[2,0.25005001,0,1],[1,0.24548399,0,1]],[6,0.00019606,[3,0.00020305,1,0],[2,0.25005001,0,1]]],[3,0.59021640,[6,0.05025038,[2,0.74994999,0,1],[3,0.05801862,1,0]],[4,0.60658848,[1,0.15137541,0,1],[2,0.25005001,0,1]]]],[8,0.33336666,[0,0.74161834,[8,0.11118889,[2,0.25005001,0,1],[2,0.74994999,0,1]],[6,0.56939465,[2,0.25005001,0,1],[2,0.74994999,0,1]]],[8,0.55554444,[3,0.73127884,[2,0.74994999,0,1],[2,0.25005001,0,1]],[8,0.83326662,[2,0.25005001,0,1],[0,0.93412364,0,1]]]]]
==================================================

dataset=bidding.txt, depth=6, runtime=53.739
Accuracy: 1
Misclassification score: 0
Optimal tree:
[0,0.29116839,[1,0.10327536,[0,0.10308558,[0,0.03118270,0,[1,0.09321989,0,[2,0.25005001,0,1]]],[1,0.09240922,[3,0.86700130,[1,0.09066491,0,1],[3,0.86851931,1,0]],[1,0.09413795,[0,0.21544152,0,1],[2,0.25005001,0,1]]]],[8,0.33336666,[2,0.25005001,0,[2,0.74994999,[8,0.11118889,1,0],[3,0.00024273,0,1]]],[8,0.55554444,[3,0.75500333,[2,0.74994999,0,1],[2,0.25005001,0,1]],[2,0.25005001,0,[8,0.83326662,1,0]]]]],[4,0.46715972,[8,0.33336666,[0,0.81660330,[8,0.11118889,[2,0.25005001,0,1],[2,0.74994999,0,1]],[1,0.34076056,[2,0.74994999,0,1],[7,0.25005001,0,1]]],[6,0.15572506,[8,0.55554444,[2,0.74994999,0,1],[2,0.25005001,0,1]],[2,0.25005001,[8,0.83326662,0,1],[7,0.54999000,0,1]]]],[1,0.11566409,[0,0.69043809,[2,0.25005001,0,[7,0.70765078,0,1]],[4,0.64963382,[4,0.50661463,1,0],[2,0.25005001,0,1]]],[8,0.33336666,[8,0.11118889,[2,0.25005001,0,1],[2,0.74994999,0,1]],[1,0.25283766,[2,0.25005001,0,1],[8,0.83326662,1,0]]]]]]
==================================================

dataset=bidding.txt, depth=7, runtime=6.328
Accuracy: 1
Misclassification score: 0
Optimal tree:
[0,0.11063345,[0,0.04470136,[0,0.02437486,[0,0.01511255,[0,0.01046090,[0,0.00843224,0,[2,0.25005001,0,1]],[0,0.01231269,[2,0.25005001,0,1],0]],[0,0.01878948,[4,0.70468241,[2,0.74994999,0,1],[1,0.09558007,0,1]],[1,0.21864094,[0,0.02394453,0,1],[2,0.25005001,0,1]]]],[0,0.03279125,[1,0.15344234,[1,0.13633975,[2,0.74994999,0,1],[2,0.25005001,0,1]],[8,0.11118889,[2,0.25005001,0,1],[2,0.74994999,0,1]]],[0,0.03672713,[0,0.03404916,[2,0.25005001,0,1],[2,0.50000000,0,1]],[8,0.55554444,[2,0.74994999,0,1],[2,0.25005001,0,1]]]]],[0,0.07238519,[3,0.75313365,[8,0.55554444,[8,0.11118889,[2,0.25005001,0,1],[2,0.74994999,0,1]],[1,0.09765080,0,[2,0.25005001,0,1]]],[1,0.17822638,[1,0.09765080,0,[4,0.75381666,0,1]],[2,0.25005001,0,[8,0.83326662,1,0]]]],[8,0.55554444,[5,0.99352604,[8,0.11118889,[2,0.25005001,0,1],[2,0.74994999,0,1]],[7,0.92441654,[2,0.74994999,0,1],[2,0.25005001,0,1]]],[0,0.08897599,[1,0.09557229,0,[2,0.25005001,0,1]],[2,0.25005001,0,[8,0.83326662,1,0]]]]]],[0,0.29116839,[1,0.12660788,[0,0.16114888,[1,0.09377455,[5,0.99352604,0,[7,0.82493496,0,1]],[6,0.78709388,[2,0.25005001,0,1],[8,0.55554444,0,1]]],[1,0.09860165,[2,0.25005001,0,[4,0.53910697,1,0]],[7,0.81660330,[2,0.74994999,0,1],[2,0.25005001,0,1]]]],[8,0.33336666,[0,0.25435948,[8,0.11118889,[2,0.25005001,0,1],[2,0.74994999,0,1]],[2,0.74994999,[3,0.87195683,0,1],[3,0.00041633,0,1]]],[8,0.55554444,[3,0.67588508,[2,0.74994999,0,1],[2,0.25005001,0,1]],[2,0.25005001,0,[8,0.83326662,1,0]]]]],[4,0.46715972,[8,0.33336666,[0,0.81660330,[8,0.11118889,[2,0.25005001,0,1],[2,0.74994999,0,1]],[1,0.34076056,[2,0.74994999,0,1],[7,0.25005001,0,1]]],[6,0.15572506,[8,0.55554444,[2,0.74994999,0,1],[2,0.25005001,0,1]],[2,0.25005001,[8,0.83326662,0,1],[7,0.54999000,0,1]]]],[1,0.11566409,[0,0.69043809,[2,0.25005001,0,[7,0.70765078,0,1]],[4,0.64963382,[4,0.50661463,1,0],[2,0.25005001,0,1]]],[8,0.33336666,[8,0.11118889,[2,0.25005001,0,1],[2,0.74994999,0,1]],[1,0.25283766,[2,0.25005001,0,1],[8,0.83326662,1,0]]]]]]]
============

dataset=eeg.txt, depth=0, runtime=0.013
Accuracy: 0.551202
Misclassification score: 6723
Optimal tree:
NOT_FOUND
==================================================

dataset=eeg.txt, depth=1, runtime=1.336
Accuracy: 0.598198
Misclassification score: 6019
Optimal tree:
[0,0.51457381,0,1]
==================================================

dataset=eeg.txt, depth=2, runtime=0.479
Accuracy: 0.669159
Misclassification score: 4956
Optimal tree:
[5,0.34683198,[1,0.23765413,1,0],[6,0.47018027,0,1]]
==================================================

dataset=eeg.txt, depth=3, runtime=203.905
Accuracy: 0.709613
Misclassification score: 4350
Optimal tree:
[1,0.23765413,[5,0.34692776,[11,0.42278886,0,1],[13,0.53193331,0,1]],[6,0.47270551,[6,0.46080154,1,0],[5,0.36464834,1,0]]]
==================================================

dataset=fault.txt, depth=0, runtime=0.003
Accuracy: 0.346728
Misclassification score: 1268
Optimal tree:
NOT_FOUND
==================================================

dataset=fault.txt, depth=1, runtime=0.250
Accuracy: 0.496651
Misclassification score: 977
Optimal tree:
[4,0.02104856,6,2]
==================================================

dataset=fault.txt, depth=2, runtime=0.218
Accuracy: 0.586296
Misclassification score: 803
Optimal tree:
[11,0.50000000,[17,0.04675123,6,2],[10,0.23285767,1,5]]
==================================================

dataset=fault.txt, depth=3, runtime=47.179
Accuracy: 0.676971
Misclassification score: 627
Optimal tree:
[11,0.50000000,[4,0.01159109,[4,0.00027356,3,6],[24,0.65798521,2,6]],[10,0.23638430,[13,0.13468847,1,6],[16,0.46773863,6,5]]]
==================================================

dataset=htru.txt, depth=0, runtime=0.013
Accuracy: 0.908426
Misclassification score: 1639
Optimal tree:
NOT_FOUND
==================================================

dataset=htru.txt, depth=1, runtime=0.294
Accuracy: 0.977763
Misclassification score: 398
Optimal tree:
[2,0.30771568,0,1]
==================================================

dataset=htru.txt, depth=2, runtime=0.577
Accuracy: 0.979383
Misclassification score: 369
Optimal tree:
[5,0.24225587,[2,0.32594705,0,1],[2,0.28715152,0,1]]
==================================================

dataset=htru.txt, depth=3, runtime=353.943
Accuracy: 0.980836
Misclassification score: 343
Optimal tree:
[5,0.16213265,[0,0.45509243,[2,0.32580289,0,1],[2,0.29991329,0,1]],[1,0.24312085,[2,0.29925150,0,1],[2,0.27499652,0,1]]]
==================================================

dataset=magic.txt, depth=0, runtime=0.017
Accuracy: 0.64837
Misclassification score: 6688
Optimal tree:
NOT_FOUND
==================================================

dataset=magic.txt, depth=1, runtime=0.923
Accuracy: 0.73775
Misclassification score: 4988
Optimal tree:
[8,0.35583663,0,1]
==================================================

dataset=magic.txt, depth=2, runtime=0.592
Accuracy: 0.803049
Misclassification score: 3746
Optimal tree:
[8,0.31728101,[0,0.33447179,0,1],[2,0.15064648,0,1]]
==================================================

dataset=magic.txt, depth=3, runtime=265.750
Accuracy: 0.829653
Misclassification score: 3240
Optimal tree:
[8,0.26194984,[3,0.57993627,[0,0.34942243,0,1],[2,0.17561191,0,1]],[1,0.05572616,[2,0.15082383,0,1],[0,0.09865573,0,1]]]
==================================================

dataset=occupancy.txt, depth=0, runtime=0.006
Accuracy: 0.768969
Misclassification score: 4750
Optimal tree:
NOT_FOUND
==================================================

dataset=occupancy.txt, depth=1, runtime=0.075
Accuracy: 0.989348
Misclassification score: 219
Optimal tree:
[2,0.22875756,1,0]
==================================================

dataset=occupancy.txt, depth=2, runtime=0.294
Accuracy: 0.989883
Misclassification score: 208
Optimal tree:
[2,0.24444646,[2,0.22875756,1,0],[3,0.03477375,1,0]]
==================================================

dataset=occupancy.txt, depth=3, runtime=40.823
Accuracy: 0.991002
Misclassification score: 185
Optimal tree:
[3,0.22327098,[2,0.24444646,[2,0.22875756,1,0],[3,0.03477375,1,0]],[1,0.37324005,[2,0.24994445,1,0],[2,0.16955596,1,0]]]
==================================================

dataset=page.txt, depth=0, runtime=0.004
Accuracy: 0.89768
Misclassification score: 560
Optimal tree:
NOT_FOUND
==================================================

dataset=page.txt, depth=1, runtime=0.035
Accuracy: 0.93203
Misclassification score: 372
Optimal tree:
[0,0.00196762,1,0]
==================================================

dataset=page.txt, depth=2, runtime=0.066
Accuracy: 0.953773
Misclassification score: 253
Optimal tree:
[0,0.00196762,[6,0.00015853,0,1],[3,0.00052636,2,0]]
==================================================

dataset=page.txt, depth=3, runtime=6.662
Accuracy: 0.969304
Misclassification score: 168
Optimal tree:
[3,0.01212662,[4,0.14564051,[0,0.01379589,0,3],[3,0.00052636,2,0]],[0,0.00321270,[6,0.00015853,0,1],[6,0.00389819,0,1]]]
==================================================

dataset=raisin.txt, depth=0, runtime=0.000
Accuracy: 0.5
Misclassification score: 450
Optimal tree:
NOT_FOUND
==================================================

dataset=raisin.txt, depth=1, runtime=0.004
Accuracy: 0.864444
Misclassification score: 122
Optimal tree:
[1,0.25507462,0,1]
==================================================

dataset=raisin.txt, depth=2, runtime=0.012
Accuracy: 0.878889
Misclassification score: 109
Optimal tree:
[5,0.64839149,[1,0.21875535,0,1],[1,0.25527519,0,1]]
==================================================

dataset=raisin.txt, depth=3, runtime=1.546
Accuracy: 0.895556
Misclassification score: 94
Optimal tree:
[1,0.25339693,[6,0.24471366,[3,0.85143644,0,1],[5,0.76668704,1,0]],[2,0.31128761,[5,0.78695428,1,0],[6,0.27186441,0,1]]]
==================================================

dataset=raisin.txt, depth=4, runtime=179.636
Accuracy: 0.917778
Misclassification score: 74
Optimal tree:
[1,0.25507462,[3,0.66561872,[6,0.24449939,[4,0.25202915,0,1],[5,0.76668704,1,0]],[1,0.21879247,[3,0.66764677,1,0],[5,0.64497906,1,0]]],[2,0.35089296,[4,0.25429386,[5,0.78411055,1,0],[6,0.27762103,0,1]],[5,0.73398846,[4,0.29240340,0,1],[5,0.73563510,0,1]]]]
==================================================

dataset=rice.txt, depth=0, runtime=0.002
Accuracy: 0.572178
Misclassification score: 1630
Optimal tree:
NOT_FOUND
==================================================

dataset=rice.txt, depth=1, runtime=0.059
Accuracy: 0.928871
Misclassification score: 271
Optimal tree:
[2,0.50033748,1,0]
==================================================

dataset=rice.txt, depth=2, runtime=0.077
Accuracy: 0.932546
Misclassification score: 257
Optimal tree:
[1,0.50258470,[2,0.51148570,1,0],[2,0.48363271,1,0]]
==================================================

dataset=rice.txt, depth=3, runtime=32.765
Accuracy: 0.93622
Misclassification score: 243
Optimal tree:
[0,0.41398481,[5,0.41202533,[2,0.49756566,1,0],[3,0.50304180,0,1]],[2,0.48441994,[4,0.71377218,1,0],[1,0.50470477,1,0]]]
==================================================

dataset=room.txt, depth=0, runtime=0.008
Accuracy: 0.812321
Misclassification score: 1901
Optimal tree:
NOT_FOUND
==================================================

dataset=room.txt, depth=1, runtime=0.278
Accuracy: 0.886168
Misclassification score: 1153
Optimal tree:
[4,0.65148485,3,1]
==================================================

dataset=room.txt, depth=2, runtime=0.117
Accuracy: 0.944812
Misclassification score: 559
Optimal tree:
[6,0.55356073,[4,0.55756426,3,0],[5,0.90495777,1,2]]
==================================================

dataset=room.txt, depth=3, runtime=3.323
Accuracy: 0.992102
Misclassification score: 80
Optimal tree:
[4,0.55756426,[1,0.31650728,[13,0.44525266,3,2],[3,0.59874570,2,3]],[5,0.43218410,[6,0.44465393,0,1],[6,0.63033104,1,2]]]
==================================================

dataset=room.txt, depth=4, runtime=93.228
Accuracy: 0.998618
Misclassification score: 14
Optimal tree:
[5,0.43218410,[3,0.63577533,[2,0.48000401,[4,0.33639634,3,0],[4,0.00615939,3,2]],[4,0.59392059,[1,0.61762357,3,2],[6,0.44465393,0,1]]],[4,0.99687028,[2,0.80279660,[6,0.64104319,1,2],[0,0.75689304,1,2]],[9,0.19858971,[11,0.04635940,2,1],[9,0.46765351,2,1]]]]
==================================================

dataset=room.txt, depth=5, runtime=156.567
Accuracy: 1
Misclassification score: 0
Optimal tree:
[2,0.76566112,[5,0.10666783,[3,0.67280495,[1,0.18359271,[0,0.47569931,3,1],[4,0.00615939,3,2]],[4,0.68178177,[4,0.59392059,3,0],[6,0.61783355,0,1]]],[6,0.29111320,[13,0.58809918,[5,0.43218410,0,1],[12,0.22978379,1,0]],[0,0.58331668,[11,0.05531283,1,2],[12,0.34597677,1,2]]]],[5,0.90883291,[3,0.71292037,[6,0.04116321,[10,0.14056776,1,2],[4,0.87568241,2,1]],[4,0.40304971,[1,0.61762357,3,2],[5,0.43412170,1,2]]],[1,0.61056614,[9,0.18388677,[13,0.42234686,1,2],[5,0.99408722,2,1]],[0,0.75689304,[1,0.68466890,1,2],[12,0.58106482,1,2]]]]]
==================================================

dataset=room.txt, depth=6, runtime=0.490
Accuracy: 1
Misclassification score: 0
Optimal tree:
[0,0.50000000,[0,0.23616388,[0,0.10771737,[0,0.02092917,0,[0,0.06258750,[1,0.03656329,0,3],[1,0.04479694,0,3]]],[0,0.15284723,[1,0.08126023,[1,0.04479694,0,3],3],[0,0.19450556,[4,0.33336666,3,0],[4,0.38184181,3,0]]]],[0,0.36808193,[0,0.28129375,[1,0.12478094,[4,0.41819820,3,0],[4,0.42122787,3,0]],[2,0.30289656,[4,0.45455456,3,1],[4,0.42728728,3,0]]],[2,0.33717543,[12,0.22978379,[1,0.18359271,3,1],[13,0.58898020,1,0]],[4,0.40002000,[4,0.04251576,3,2],[1,0.31650728,0,1]]]]],[0,0.75689304,[0,0.67357635,[5,0.43218410,[4,0.59392059,[13,0.44625950,3,2],[8,0.38222253,0,1]],[11,0.05232836,[12,0.36218974,1,2],[6,0.49107319,1,2]]],[2,0.80279660,[4,0.79388058,[4,0.40607941,3,0],[6,0.64104319,1,2]],[9,0.14271852,[4,0.48182181,3,1],[9,0.15448087,2,1]]]],[1,0.55175436,[2,0.65996802,[1,0.24240448,[9,0.18094617,0,1],[6,0.22505499,0,1]],[6,0.46429285,[1,0.26475292,0,3],[5,0.44187209,1,2]]],[12,0.58646917,[12,0.55944753,[4,0.53332663,3,1],[1,0.61762357,2,1]],[0,0.80202293,[5,0.99408722,2,1],[9,0.69113827,2,3]]]]]]
==================================================

dataset=segment.txt, depth=0, runtime=0.002
Accuracy: 0.142857
Misclassification score: 1980
Optimal tree:
NOT_FOUND
==================================================

dataset=segment.txt, depth=1, runtime=3.107
Accuracy: 0.285714
Misclassification score: 1650
Optimal tree:
[1,0.49375126,2,0]
==================================================

dataset=segment.txt, depth=2, runtime=0.085
Accuracy: 0.571429
Misclassification score: 990
Optimal tree:
[1,0.56873620,[8,0.57847643,1,2],[13,0.23358271,3,0]]
==================================================

dataset=segment.txt, depth=3, runtime=8.588
Accuracy: 0.879654
Misclassification score: 278
Optimal tree:
[11,0.15556383,[17,0.20136707,[17,0.14785661,1,6],[1,0.56873620,4,3]],[1,0.59789705,[8,0.53175199,5,2],[13,0.21417484,3,0]]]
==================================================

dataset=segment.txt, depth=4, runtime=488.110
Accuracy: 0.956277
Misclassification score: 101
Optimal tree:
[11,0.15634310,[9,0.02400122,[13,0.15595119,[0,0.44665098,1,6],[17,0.16006760,1,6]],[17,0.19143493,[17,0.13811101,1,6],[1,0.56873620,4,3]]],[17,0.14570776,[6,0.15845340,[8,0.22584881,6,2],[1,0.52291209,1,0]],[1,0.57081914,[8,0.62236124,5,2],[13,0.21417484,3,0]]]]
==================================================

dataset=skin.txt, depth=0, runtime=0.069
Accuracy: 0.792461
Misclassification score: 50859
Optimal tree:
NOT_FOUND
==================================================

dataset=skin.txt, depth=1, runtime=6.873
Accuracy: 0.882382
Misclassification score: 28823
Optimal tree:
[2,0.66859370,1,0]
==================================================

dataset=skin.txt, depth=2, runtime=0.399
Accuracy: 0.926874
Misclassification score: 17920
Optimal tree:
[0,0.49607921,[2,0.46863371,1,0],[2,0.83718747,1,0]]
==================================================

dataset=skin.txt, depth=3, runtime=17.099
Accuracy: 0.96833
Misclassification score: 7761
Optimal tree:
[0,0.49607921,[2,0.56273258,[2,0.46863371,1,0],[1,0.35493100,1,0]],[0,0.82150429,[2,0.82934588,1,0],1]]
==================================================

dataset=wilt.txt, depth=0, runtime=0.002
Accuracy: 0.946063
Misclassification score: 261
Optimal tree:
NOT_FOUND
==================================================

dataset=wilt.txt, depth=1, runtime=1.902
Accuracy: 0.946063
Misclassification score: 261
Optimal tree:
NOT_FOUND
==================================================

dataset=wilt.txt, depth=2, runtime=0.077
Accuracy: 0.971482
Misclassification score: 138
Optimal tree:
[1,0.06082730,[2,0.03808412,1,0],1]
==================================================

dataset=wilt.txt, depth=3, runtime=1.901
Accuracy: 0.981814
Misclassification score: 88
Optimal tree:
[2,0.03567202,[1,0.04205611,[2,0.02626651,1,0],[1,0.04211055,0,1]],[2,0.04369602,[1,0.05452356,0,1],[1,0.06345776,0,1]]]
==================================================

dataset=wilt.txt, depth=4, runtime=56.676
Accuracy: 0.989667
Misclassification score: 50
Optimal tree:
[2,0.04104096,[1,0.04205611,[1,0.03610761,[2,0.02041392,1,0],[2,0.02626651,1,0]],[2,0.03362532,[1,0.04209512,0,1],[1,0.05181907,0,1]]],[3,0.22971995,[0,0.66647911,[1,0.06122988,0,1],[1,0.05578781,0,1]],[2,0.04929356,[1,0.06293122,0,1],[1,0.06899855,0,1]]]]
==================================================